5.000000000000004441e-01 3.909684181213378906e+00 2.064691781997680664e+00 8.114546537399291992e-01 5.110291242599487305e-01 5.358092308044433594e+00
5.000000000000000000e-01 3.934568881988525391e+00 2.090590476989746094e+00 8.131015896797180176e-01 5.130313634872436523e-01 5.357993602752685547e+00
5.000000000000000000e-01 3.959453582763671875e+00 2.116577625274658203e+00 8.144659996032714844e-01 5.147788524627685547e-01 5.357658863067626953e+00
5.000000000000000000e-01 3.984338283538818359e+00 2.142626047134399414e+00 8.153926730155944824e-01 5.159944891929626465e-01 5.357159137725830078e+00
5.000000000000000000e-01 4.009222984313964844e+00 2.168707132339477539e+00 8.159092068672180176e-01 5.166444182395935059e-01 5.356571197509765625e+00
5.000000000000000000e-01 4.034107685089111328e+00 2.194795131683349609e+00 8.160596489906311035e-01 5.167807936668395996e-01 5.355965137481689453e+00
5.000000000000000000e-01 4.058992385864257812e+00 2.220873832702636719e+00 8.159822821617126465e-01 5.165953040122985840e-01 5.355384349822998047e+00
5.000000000000000000e-01 4.083877086639404297e+00 2.246938228607177734e+00 8.158283829689025879e-01 5.163094401359558105e-01 5.354841709136962891e+00
5.000000000000000000e-01 4.108761787414550781e+00 2.272991418838500977e+00 8.157088160514831543e-01 5.160881876945495605e-01 5.354329109191894531e+00
5.000000000000000000e-01 4.133646488189697266e+00 2.299040317535400391e+00 8.156706690788269043e-01 5.160031914710998535e-01 5.353828430175781250e+00
