6.470909714698791504e-02 8.411318995058536530e-03 1.038201451301574707e-01 5.773100536316633224e-03 6.607376039028167725e-02 5.785132758319377899e-03 -1.650144159793853760e-02 1.688961982727050781e-01 1.585923321545124054e-02 5.142400041222572327e-03 5.041056778281927109e-03 -2.195828855037689209e-01 3.409932553768157959e-02 -6.353700906038284302e-02 8.764339983463287354e-02 -3.203381970524787903e-02 3.983808308839797974e-02 -6.003177724778652191e-03 -2.178163826465606689e-02 -9.043992310762405396e-02 -1.391068845987319946e-02 -3.170825913548469543e-02 1.710527837276458740e-01 8.756343158893287182e-04 3.979910910129547119e-02 -1.186939403414726257e-01 -4.666833207011222839e-02 -8.971315808594226837e-03 1.894437149167060852e-02 6.003427132964134216e-02 -2.826619893312454224e-03 8.195773698389530182e-03 3.685303963720798492e-04 7.728874683380126953e-02 2.825737930834293365e-02 4.169022664427757263e-03 1.729125976562500000e-01 2.250780537724494934e-02 -2.385357208549976349e-02 -1.426492072641849518e-02 3.170560598373413086e-01 -7.748789153993129730e-03 8.371531963348388672e-03 -9.164180606603622437e-02 -1.545435097068548203e-02 1.016603223979473114e-02 1.029593590646982193e-02 -6.580853834748268127e-03 4.464638605713844299e-02 -3.789475653320550919e-03 -7.710430026054382324e-02 4.904733598232269287e-02 -5.491529125720262527e-03 -9.904927015304565430e-02 7.981182076036930084e-03 -4.066389054059982300e-02 -1.040864922106266022e-02 3.215808421373367310e-03 8.813757449388504028e-02 -8.854216337203979492e-02 2.303915563970804214e-03 1.356908679008483887e-01 -3.517473116517066956e-03 -1.846157014369964600e-01
6.492145359516143799e-02 8.355624042451381683e-03 1.031215041875839233e-01 5.735895596444606781e-03 6.628211587667465210e-02 5.771172232925891876e-03 -1.668179780244827271e-02 1.684228777885437012e-01 1.577032357454299927e-02 5.184310488402843475e-03 4.998696036636829376e-03 -2.198999822139739990e-01 3.414614498615264893e-02 -6.302776187658309937e-02 8.776137232780456543e-02 -3.200399503111839294e-02 3.999923169612884521e-02 -6.019950844347476959e-03 -2.187735959887504578e-02 -8.968893438577651978e-02 -1.379847154021263123e-02 -3.177269548177719116e-02 1.710510253906250000e-01 9.450620855204761028e-04 3.953006118535995483e-02 -1.188833490014076233e-01 -4.644505307078361511e-02 -9.021585807204246521e-03 1.907396316528320312e-02 6.021996960043907166e-02 -2.794253174215555191e-03 8.344938047230243683e-03 2.282448112964630127e-04 7.753951847553253174e-02 2.790621854364871979e-02 4.078368656337261200e-03 1.730344444513320923e-01 2.257078140974044800e-02 -2.391242980957031250e-02 -1.418713387101888657e-02 3.174288272857666016e-01 -7.898284122347831726e-03 8.182972669601440430e-03 -9.125587344169616699e-02 -1.551932375878095627e-02 1.013577450066804886e-02 1.042966451495885849e-02 -6.509679369628429413e-03 4.483345150947570801e-02 -3.608910832554101944e-03 -7.723206281661987305e-02 4.913922399282455444e-02 -5.225647706538438797e-03 -9.928291290998458862e-02 8.458673022687435150e-03 -4.092095792293548584e-02 -1.051665842533111572e-02 3.254005685448646545e-03 8.842163532972335815e-02 -8.871315419673919678e-02 2.338330727070569992e-03 1.357444673776626587e-01 -3.544650971889495850e-03 -1.843140274286270142e-01
6.509795039892196655e-02 8.328942582011222839e-03 1.027877181768417358e-01 5.723652429878711700e-03 6.644396483898162842e-02 5.758221261203289032e-03 -1.678586751222610474e-02 1.682486236095428467e-01 1.572741381824016571e-02 5.219382233917713165e-03 4.969686269760131836e-03 -2.202982753515243530e-01 3.417063504457473755e-02 -6.271959096193313599e-02 8.818586915731430054e-02 -3.181502968072891235e-02 4.013020545244216919e-02 -6.007210351526737213e-03 -2.191761881113052368e-02 -8.932048827409744263e-02 -1.374738290905952454e-02 -3.183222934603691101e-02 1.711851954460144043e-01 9.787736926227807999e-04 3.938016295433044434e-02 -1.190753281116485596e-01 -4.634557664394378662e-02 -9.043125435709953308e-03 1.918215863406658173e-02 6.038280203938484192e-02 -2.781917806714773178e-03 8.424732834100723267e-03 1.378832384943962097e-04 7.773989439010620117e-02 2.764750085771083832e-02 4.033629782497882843e-03 1.731409728527069092e-01 2.260086499154567719e-02 -2.393608354032039642e-02 -1.415217202156782150e-02 3.179334998130798340e-01 -7.982619106769561768e-03 8.063277229666709900e-03 -9.108170121908187866e-02 -1.553123164921998978e-02 1.013588998466730118e-02 1.052626315504312515e-02 -6.474077701568603516e-03 4.498048499226570129e-02 -3.506628330796957016e-03 -7.735550403594970703e-02 4.920382425189018250e-02 -5.096875596791505814e-03 -9.949568659067153931e-02 8.793945424258708954e-03 -4.150004312396049500e-02 -1.057874225080013275e-02 3.277986776083707809e-03 8.867356181144714355e-02 -8.887428790330886841e-02 2.388993278145790100e-03 1.358760595321655273e-01 -3.569688647985458374e-03 -1.843048334121704102e-01
6.522999703884124756e-02 8.324487134814262390e-03 1.028175950050354004e-01 5.730789620429277420e-03 6.654540449380874634e-02 5.756027996540069580e-03 -1.681236922740936279e-02 1.683502048254013062e-01 1.572560705244541168e-02 5.244679749011993408e-03 4.968271125108003616e-03 -2.206867933273315430e-01 3.418000414967536926e-02 -6.264730542898178101e-02 8.864378184080123901e-02 -3.157487139105796814e-02 4.021508246660232544e-02 -5.968092009425163269e-03 -2.191389724612236023e-02 -8.934027701616287231e-02 -1.374969631433486938e-02 -3.187980130314826965e-02 1.714009940624237061e-01 9.808058384805917740e-04 3.936400264501571655e-02 -1.192435026168823242e-01 -4.635712504386901855e-02 -9.041802957653999329e-03 1.925198175013065338e-02 6.050405651330947876e-02 -2.785340417176485062e-03 8.435803465545177460e-03 1.083761453628540039e-04 7.786986231803894043e-02 2.752246893942356110e-02 4.034846555441617966e-03 1.732201576232910156e-01 2.260245196521282196e-02 -2.393046766519546509e-02 -1.415202766656875610e-02 3.184480369091033936e-01 -8.001454174518585205e-03 8.024387061595916748e-03 -9.111408144235610962e-02 -1.550616230815649033e-02 1.015536300837993622e-02 1.057983748614788055e-02 -6.473599933087825775e-03 4.507356882095336914e-02 -3.487997222691774368e-03 -7.746614515781402588e-02 4.923681914806365967e-02 -5.068094003945589066e-03 -9.965766221284866333e-02 8.943797089159488678e-03 -4.207437112927436829e-02 -1.059643737971782684e-02 3.278601914644241333e-03 8.885864913463592529e-02 -8.900516480207443237e-02 2.431932836771011353e-03 1.360403895378112793e-01 -3.595048561692237854e-03 -1.845192015171051025e-01
6.531705707311630249e-02 8.333169855177402496e-03 1.030864417552947998e-01 5.746271926909685135e-03 6.659138947725296021e-02 5.764743313193321228e-03 -1.678593643009662628e-02 1.686180233955383301e-01 1.574963890016078949e-02 5.260841920971870422e-03 4.992458503693342209e-03 -2.209915518760681152e-01 3.418300300836563110e-02 -6.275968998670578003e-02 8.896078914403915405e-02 -3.138875216245651245e-02 4.025313630700111389e-02 -5.918672308325767517e-03 -2.188898622989654541e-02 -8.961980789899826050e-02 -1.378402486443519592e-02 -3.191320225596427917e-02 1.716288179159164429e-01 9.656010079197585583e-04 3.944502025842666626e-02 -1.193690001964569092e-01 -4.643784463405609131e-02 -9.030601009726524353e-03 1.928228884935379028e-02 6.057732179760932922e-02 -2.794269472360610962e-03 8.402897976338863373e-03 1.268852502107620239e-04 7.793212682008743286e-02 2.751775272190570831e-02 4.064182750880718231e-03 1.732744872570037842e-01 2.259036898612976074e-02 -2.391269244253635406e-02 -1.417261268943548203e-02 3.188661932945251465e-01 -7.976014167070388794e-03 8.047416806221008301e-03 -9.127976745367050171e-02 -1.546708587557077408e-02 1.018148194998502731e-02 1.059720013290643692e-02 -6.493932567536830902e-03 4.511627927422523499e-02 -3.527477849274873734e-03 -7.755400985479354858e-02 4.924783110618591309e-02 -5.102146882563829422e-03 -9.975839406251907349e-02 8.937613107264041901e-03 -4.242189228534698486e-02 -1.058496907353401184e-02 3.259499557316303253e-03 8.896595984697341919e-02 -8.909475803375244141e-02 2.453569322824478149e-03 1.361925303936004639e-01 -3.615453839302062988e-03 -1.848332583904266357e-01
6.537226587533950806e-02 8.347646333277225494e-03 1.034237295389175415e-01 5.763042252510786057e-03 6.659856438636779785e-02 5.776636302471160889e-03 -1.674453914165496826e-02 1.689244210720062256e-01 1.578165218234062195e-02 5.269271321594715118e-03 5.029754247516393661e-03 -2.211771309375762939e-01 3.418639674782752991e-02 -6.295832246541976929e-02 8.905220776796340942e-02 -3.131718188524246216e-02 4.025689885020256042e-02 -5.873844027519226074e-03 -2.186414599418640137e-02 -8.997125178575515747e-02 -1.382624357938766479e-02 -3.193266317248344421e-02 1.718118637800216675e-01 9.455636027269065380e-04 3.956098854541778564e-02 -1.194472685456275940e-01 -4.653639346361160278e-02 -9.017866104841232300e-03 1.928411424160003662e-02 6.060912832617759705e-02 -2.806539181619882584e-03 8.356406353414058685e-03 1.694811508059501648e-04 7.794501632452011108e-02 2.759191580116748810e-02 4.102073144167661667e-03 1.733299195766448975e-01 2.257683128118515015e-02 -2.389613166451454163e-02 -1.419876236468553543e-02 3.191401362419128418e-01 -7.935899309813976288e-03 8.098607882857322693e-03 -9.147473424673080444e-02 -1.543725002557039261e-02 1.020245626568794250e-02 1.059134770184755325e-02 -6.525069475173950195e-03 4.512334242463111877e-02 -3.588446881622076035e-03 -7.761232554912567139e-02 4.924779012799263000e-02 -5.163938272744417191e-03 -9.980532526969909668e-02 8.841690607368946075e-03 -4.247970134019851685e-02 -1.056232489645481110e-02 3.233148716390132904e-03 8.900645375251770020e-02 -8.914186060428619385e-02 2.450172789394855499e-03 1.363034397363662720e-01 -3.626290708780288696e-03 -1.851291358470916748e-01
6.540341675281524658e-02 8.361215703189373016e-03 1.036888211965560913e-01 5.774563644081354141e-03 6.658735126256942749e-02 5.785723216831684113e-03 -1.671366393566131592e-02 1.691629290580749512e-01 1.580732874572277069e-02 5.272666923701763153e-03 5.065158940851688385e-03 -2.212478220462799072e-01 3.419315814971923828e-02 -6.314428150653839111e-02 8.895835280418395996e-02 -3.135715425014495850e-02 4.024307802319526672e-02 -5.844697356224060059e-03 -2.185256592929363251e-02 -9.024321287870407104e-02 -1.385766267776489258e-02 -3.194132819771766663e-02 1.719199866056442261e-01 9.315849165432155132e-04 3.965934738516807556e-02 -1.194831207394599915e-01 -4.661227762699127197e-02 -9.011286310851573944e-03 1.927135512232780457e-02 6.061282753944396973e-02 -2.815917134284973145e-03 8.321121335029602051e-03 2.114269882440567017e-04 7.793239504098892212e-02 2.769003994762897491e-02 4.130736924707889557e-03 1.733921766281127930e-01 2.257108315825462341e-02 -2.389064244925975800e-02 -1.421899255365133286e-02 3.192661106586456299e-01 -7.903700694441795349e-03 8.147200569510459900e-03 -9.162344783544540405e-02 -1.542538683861494064e-02 1.021340209990739822e-02 1.057658810168504715e-02 -6.552119739353656769e-03 4.511296749114990234e-02 -3.639167640358209610e-03 -7.764133810997009277e-02 4.924717172980308533e-02 -5.222861189395189285e-03 -9.981506317853927612e-02 8.728032000362873077e-03 -4.231647774577140808e-02 -1.054370775818824768e-02 3.210949245840311050e-03 8.900272846221923828e-02 -8.915612846612930298e-02 2.430182415992021561e-03 1.363628506660461426e-01 -3.625337034463882446e-03 -1.853258460760116577e-01
6.541919708251953125e-02 8.370194584131240845e-03 1.038141101598739624e-01 5.779057275503873825e-03 6.657394021749496460e-02 5.788644775748252869e-03 -1.670499704778194427e-02 1.692863702774047852e-01 1.581984758377075195e-02 5.273109301924705505e-03 5.087955854833126068e-03 -2.212375700473785400e-01 3.420273587107658386e-02 -6.325572729110717773e-02 8.876959234476089478e-02 -3.146355599164962769e-02 4.022675752639770508e-02 -5.834257230162620544e-03 -2.185669168829917908e-02 -9.036196768283843994e-02 -1.387031748890876770e-02 -3.194292634725570679e-02 1.719548553228378296e-01 9.272663737647235394e-04 3.971146792173385620e-02 -1.194894388318061829e-01 -4.664655029773712158e-02 -9.012202732264995575e-03 1.925633847713470459e-02 6.060345843434333801e-02 -2.820809371769428253e-03 8.307956159114837646e-03 2.372488379478454590e-04 7.791449129581451416e-02 2.777078934013843536e-02 4.142534453421831131e-03 1.734605729579925537e-01 2.257467806339263916e-02 -2.389702387154102325e-02 -1.422807201743125916e-02 3.192827999591827393e-01 -7.890399545431137085e-03 8.174922317266464233e-03 -9.169165045022964478e-02 -1.543102134019136429e-02 1.021416019648313522e-02 1.056327950209379196e-02 -6.567967124283313751e-03 4.509998857975006104e-02 -3.663199488073587418e-03 -7.764714956283569336e-02 4.925036430358886719e-02 -5.261663813143968582e-03 -9.980653226375579834e-02 8.645738475024700165e-03 -4.206669703125953674e-02 -1.053620688617229462e-02 3.200050909072160721e-03 8.897973597049713135e-02 -8.915118873119354248e-02 2.405305858701467514e-03 1.363788247108459473e-01 -3.615410998463630676e-03 -1.854025423526763916e-01
6.542520225048065186e-02 8.373526856303215027e-03 1.038055419921875000e-01 5.777497775852680206e-03 6.656715273857116699e-02 5.785900168120861053e-03 -1.671567372977733612e-02 1.693020761013031006e-01 1.581944152712821960e-02 5.272221751511096954e-03 5.094836931675672531e-03 -2.211899459362030029e-01 3.421272337436676025e-02 -6.327773630619049072e-02 8.858180791139602661e-02 -3.157881274819374084e-02 4.021694883704185486e-02 -5.838942714035511017e-03 -2.187140285968780518e-02 -9.033537656068801880e-02 -1.386582851409912109e-02 -3.194102272391319275e-02 1.719393432140350342e-01 9.313343907706439495e-04 3.971602022647857666e-02 -1.194806471467018127e-01 -4.664116352796554565e-02 -9.018663316965103149e-03 1.924616843461990356e-02 6.059269979596138000e-02 -2.820975612848997116e-03 8.315316401422023773e-03 2.428344450891017914e-04 7.790321111679077148e-02 2.781427465379238129e-02 4.138426389545202255e-03 1.735256016254425049e-01 2.258456125855445862e-02 -2.391091920435428619e-02 -1.422649528831243515e-02 3.192430734634399414e-01 -7.895183749496936798e-03 8.178422227501869202e-03 -9.168744832277297974e-02 -1.544649805873632431e-02 1.020817644894123077e-02 1.055635791271924973e-02 -6.570853292942047119e-03 4.509269818663597107e-02 -3.660000395029783249e-03 -7.763928920030593872e-02 4.925730824470520020e-02 -5.275767762213945389e-03 -9.979451447725296021e-02 8.612819947302341461e-03 -4.185336828231811523e-02 -1.053972728550434113e-02 3.201138228178024292e-03 8.895646780729293823e-02 -8.914020657539367676e-02 2.385561820119619370e-03 1.363688111305236816e-01 -3.601825796067714691e-03 -1.853846013545989990e-01
6.542457640171051025e-02 8.372171781957149506e-03 1.037163957953453064e-01 5.772408563643693924e-03 6.656828522682189941e-02 5.780464969575405121e-03 -1.673484034836292267e-02 1.692520081996917725e-01 1.581094600260257721e-02 5.270852707326412201e-03 5.088938865810632706e-03 -2.211415320634841919e-01 3.422055393457412720e-02 -6.323298811912536621e-02 8.845834434032440186e-02 -3.165873512625694275e-02 4.021581262350082397e-02 -5.851712077856063843e-03 -2.188844420015811920e-02 -9.022294729948043823e-02 -1.385161094367504120e-02 -3.193815425038337708e-02 1.719032227993011475e-01 9.396422537975013256e-04 3.969028964638710022e-02 -1.194683313369750977e-01 -4.661147668957710266e-02 -9.027103893458843231e-03 1.924240589141845703e-02 6.058664247393608093e-02 -2.817522734403610229e-03 8.333903737366199493e-03 2.332022413611412048e-04 7.790151983499526978e-02 2.782161720097064972e-02 4.124960396438837051e-03 1.735759377479553223e-01 2.259568497538566589e-02 -2.392596192657947540e-02 -1.421835459768772125e-02 3.191933035850524902e-01 -7.909979671239852905e-03 8.165191859006881714e-03 -9.164372831583023071e-02 -1.546237152069807053e-02 1.019994076341390610e-02 1.055580005049705505e-02 -6.563727743923664093e-03 4.509266093373298645e-02 -3.639736678451299667e-03 -7.762698829174041748e-02 4.926516115665435791e-02 -5.270552355796098709e-03 -9.978684037923812866e-02 8.620944805443286896e-03 -4.174593836069107056e-02 -1.054952293634414673e-02 3.210289869457483292e-03 8.894242346286773682e-02 -8.913186937570571899e-02 2.376022282987833023e-03 1.363509893417358398e-01 -3.589949570596218109e-03 -1.853201687335968018e-01
